Variant	AN	GX	MQ	ABHet	ABHom
chr20:607:SG	20	3	60	0.5	1
chr20:680:SG	20	3	60	0.4054	1
chr20:1315:SG	20	3	60	0.56	0.9966
chr20:1453:SG	20	5	60	0.6296	1
chr20:1454:SG	20	5	60	0.4667	0.9959
chr20:1716:SG	20	3	60	0.5294	1
chr20:1907:SG	20	3	60	0.4571	1
chr20:2175:SG	20	6	60	0.4857	1
chr20:2196:SG	20	9	60	0.5714	1
chr20:2239:SG	20	6	60	0.3846	1
chr20:2362:SG	20	3	60	0.5625	1
chr20:2784:SG	20	3	60	0.5714	0.9966
chr20:2959:SG	20	3	60	0.5652	0.9912
chr20:3041:SG	20	6	60	0.475	1
chr20:3046:SG	20	6	60	0.3214	1
chr20:3049:SG	20	6	60	-1	1
chr20:3134:SG	20	3	60	0.4571	1
chr20:3281:SG	20	3	60	0.4355	1
chr20:3514:SG	20	3	60	0.4706	0.9957
chr20:3690:SG	20	6	60	0.5909	0.993
chr20:3736:SG	20	6	60	0.2903	0.9965
chr20:3808:SG	20	3	60	0.4464	1
chr20:3921:SG	20	3	60	0.55	0.9958
chr20:3990:SG	20	3	60	0.5641	1
chr20:4244:SG	20	3	60	0.6889	0.9965
chr20:4651:SG	20	6	60	0.3889	1
chr20:4706:SG	20	6	60	0.4934	1
chr20:4768:SG	20	3	60	0.52	1
chr20:4955:SG	20	3	60	0.5647	1
chr20:5272:SG	20	3	60	0.5915	1
chr20:5489:IG	20	6	60	0.5745	0.9956
chr20:5518:SG	20	6	60	0.5212	1
chr20:5688:SG	20	3	60	-1	0.9971
chr20:5772:IG	20	3	60	0.5152	1
chr20:6040:SG	20	11	60	0.5247	1
chr20:6042:SG	20	11	60	0.5556	1
chr20:6050:IG	20	11	60	0.4877	1
chr20:6340:SG	20	6	60	-1	0.9969
chr20:6348:SG	20	6	60	0.4796	0.9956
chr20:6670:SG	20	3	60	0.5152	0.9966
chr20:7127:SG	20	3	60	0.2222	1
chr20:7392:SG	20	3	60	0.5234	1
chr20:7484:SG	20	6	60	0.4891	1
chr20:7529:SG	20	9	60	0.3824	1
chr20:7575:SG	20	6	60	0.5686	1
chr20:7714:SG	20	6	60	0.5	1
chr20:7767:SG	20	6	60	0.5278	1
chr20:8082:SG	20	6	60	0.5071	1
chr20:8102:SG	20	6	60	0.4478	1
chr20:8303:SG	20	6	60	0.5429	1
chr20:8362:SG	20	9	60	0.5385	1
chr20:8402:SG	20	11	60	0.4815	0.9964
chr20:8439:IG	20	8	60	0.5362	1
chr20:8787:SG	20	3	60	0.5263	0.9963
chr20:8882:SG	20	3	60	0.4359	1
chr20:9200:SG	20	3	60	0.5122	1
chr20:9336:IG	20	3	60	0.4576	1
chr20:9638:SG	20	3	60	0.5161	0.9966
chr20:9728:SG	20	3	60	0.5455	1
chr20:10033:SG	20	3	60	0.5952	1
chr20:10290:SG	20	3	60	0.4667	0.9966
chr20:10434:SG	20	3	60	0.5	1
chr20:10510:SG	20	6	60	0.4626	1
chr20:10557:SG	20	6	60	0.4646	1
chr20:10654:SG	20	6	60	0.538	1
chr20:10663:SG	20	6	60	0.4474	1
chr20:10839:SG	20	3	60	0.5667	1
chr20:11101:SG	20	6	60	0.5862	0.9966
chr20:11139:SG	20	6	60	0.5224	0.9961
chr20:11681:SG	20	3	60	-1	0.997
chr20:12058:SG	20	6	60	-1	0.9969
chr20:12101:SG	20	6	60	0.6429	1
chr20:12182:SG	20	9	60	0.5333	1
chr20:12195:SG	20	12	60	0.4847	1
chr20:12231:SG	20	12	60	0.3793	1
chr20:12248:SG	20	9	60	0.4194	1
chr20:12477:SG	20	3	60	0.5122	1
chr20:12913:SG	20	6	60	-1	1
chr20:12938:SG	20	6	60	0.5748	1
chr20:13055:SG	20	3	60	0.5882	1
chr20:13375:SG	20	9	60	0.6066	0.9968
chr20:13396:IG	20	9	60	0.5862	0.9969
chr20:13415:SG	20	9	60	-1	0.9972
chr20:13552:SG	20	9	60	0.4677	1
chr20:13574:SG	20	12	60	0.5116	0.9966
chr20:13604:SG	20	12	60	0.6154	1
chr20:13627:SG	20	9	60	0.5342	0.9963
chr20:13968:SG	20	3	60	0.4412	0.9968
chr20:14116:SG	20	3	60	0.4783	0.9968
chr20:14186:SG	20	3	60	0.4352	1
chr20:14416:SG	20	3	60	0.4333	0.9968
chr20:14486:SG	20	6	60	0.5128	0.9964
chr20:14493:SG	20	6	60	0.561	1
chr20:14821:SG	20	3	60	0.43	1
chr20:14976:SG	20	3	60	0.4603	1
chr20:15593:SG	20	3	60	0.48	1
chr20:15787:SG	20	9	60	0.4504	1
chr20:15827:IG	20	9	60	0.4969	1
chr20:15950:SG	20	3	60	-1	0.9968
chr20:16204:SG	20	3	60	0.5185	1
chr20:16305:SG	20	3	60	0.4702	1
chr20:16391:SG	20	3	60	0.4857	1
chr20:16528:SG	20	3	60	0.437	1
chr20:16617:SG	20	3	60	0.6	1
chr20:16683:SG	20	3	60	0.525	0.9967
chr20:16903:SG	20	3	60	0.5	0.9968
chr20:17031:SG	20	3	60	0.5891	0.9815
chr20:17144:SG	20	6	60	0.4762	1
chr20:17199:SG	20	6	60	0.5484	1
chr20:17266:SG	20	3	60	0.6296	0.9969
chr20:17366:SG	20	9	60	0.5256	1
chr20:17410:SG	20	12	60	0.497	1
chr20:17424:SG	20	12	60	0.5161	0.9966
chr20:17434:SG	20	9	60	-1	0.997
chr20:17540:SG	20	3	60	-1	0.9908
chr20:17748:SG	20	3	41	0.5556	1
chr20:17831:SG	20	6	46	0.4074	1
chr20:17870:SG	20	9	46	0.5918	1
chr20:17906:SG	20	6	47	0.5714	1
chr20:17993:IG	20	5	56	0.4762	1
chr20:18330:SG	20	3	60	0.5263	0.9934
chr20:18618:SG	20	6	60	0.4	0.9965
chr20:18627:SG	20	6	60	0.3214	1
chr20:18796:SG	20	3	60	0.6	0.9937
chr20:19283:SG	20	3	60	0.425	1
chr20:19695:SG	20	3	60	0.5714	1
chr20:19801:SG	20	3	60	0.4815	1
chr20:19888:SG	20	6	60	0.4921	0.996
chr20:19910:SG	20	6	60	0.4194	1
chr20:20140:SG	20	6	60	0.5507	0.9961
chr20:20197:SG	20	9	59	0.6	1
chr20:20227:SG	20	6	56	0.5065	1
chr20:20316:SG	20	3	49	0.5854	1
chr20:20461:SG	20	3	42	0.48	0.994
chr20:20574:SG	20	3	52	0.4762	1
chr20:20871:SG	20	3	60	-1	1
chr20:21029:SG	20	6	60	0.6207	0.9964
chr20:21074:SG	20	6	60	0.3529	0.9964
chr20:21264:SG	20	3	60	0.5669	1
chr20:21483:SG	20	6	60	0.4366	1
chr20:21487:SG	20	6	60	0.4483	1
chr20:21573:SG	20	3	60	0.5625	1
chr20:21822:SG	20	6	60	0.5417	0.9967
chr20:21876:SG	20	6	60	-1	1
chr20:22005:SG	20	6	60	0.4444	0.9937
chr20:22051:SG	20	6	60	0.4952	1
chr20:22558:SG	20	3	60	0.2581	1
chr20:22686:SG	20	3	60	0.6765	0.9967
chr20:22928:SG	20	3	60	0.5052	0.9959
chr20:23118:SG	20	9	60	0.3636	1
chr20:23127:SG	20	9	60	0.6429	1
chr20:23161:SG	20	12	60	0.5574	1
chr20:23209:SG	20	6	60	0.4103	1
chr20:23513:SG	20	3	60	0.5161	0.9968
chr20:23956:SG	20	3	60	0.3056	0.9969
chr20:24162:SG	20	3	60	0.7273	0.994
chr20:24236:SG	20	6	60	0.5556	0.997
chr20:24296:SG	20	6	60	0.4825	1
chr20:24355:SG	20	6	60	0.5	1
chr20:24433:SG	20	3	60	0.4516	0.9966
chr20:24923:SG	20	3	60	0.4742	1
chr20:25151:SG	20	3	60	0.546	1
chr20:25424:SG	20	3	60	0.5758	1
chr20:25551:SG	20	3	60	0.4615	0.9964
chr20:26302:SG	20	3	60	0.4	1
chr20:26517:SG	20	6	60	0.5417	1
chr20:26569:SG	20	6	60	0.5667	1
chr20:26726:SG	20	3	60	0.4324	1
chr20:26788:SG	20	6	60	0.5094	0.9893
chr20:26818:SG	20	6	60	0.3824	0.997
chr20:27103:IG	20	5	60	0.5547	1
chr20:27254:IG	20	3	60	0.5676	1
chr20:27489:SG	20	3	60	0.4452	1
chr20:28088:SG	20	3	60	0.4786	1
chr20:28160:SG	20	3	60	0.5	1
chr20:28641:SG	20	3	60	0.5346	1
chr20:28861:SG	20	3	60	0.5128	0.9967
chr20:29253:SG	20	3	60	0.5926	0.9968
chr20:29591:SG	20	3	60	0.5	1
chr20:29867:SG	20	6	60	0.4944	1
chr20:29913:SG	20	6	60	0.552	1
chr20:30030:SG	20	3	60	0.3684	1
chr20:30206:SG	20	9	60	0.5562	1
chr20:30232:SG	20	9	60	0.6053	1
chr20:30233:SG	20	9	60	0.6053	1
chr20:30259:SG	20	9	60	0.5363	1
chr20:30418:SG	20	3	60	0.4787	1
chr20:30832:SG	20	3	60	0.5714	1
chr20:30894:SG	20	3	60	0.4769	1
chr20:31015:SG	20	3	60	0.5333	1
chr20:31110:SG	20	9	60	0.425	1
chr20:31142:SG	20	9	60	0.375	1
chr20:31152:SG	20	9	60	0.4848	0.9934
chr20:31222:SG	20	6	60	0.4706	1
chr20:31274:SG	20	9	60	0.5833	1
chr20:31318:SG	20	6	60	0.541	1
chr20:31401:SG	20	3	60	0.7083	0.9963
chr20:31464:SG	20	6	60	0.5312	1
chr20:31496:SG	20	9	60	0.4643	1
chr20:31542:SG	20	6	60	0.5676	1
chr20:31640:SG	20	3	60	0.625	1
chr20:32022:SG	20	3	60	0.5357	1
chr20:32090:SG	20	3	60	0.5385	1
chr20:32165:SG	20	3	60	0.5072	1
chr20:32446:SG	20	3	60	0.3438	0.9963
chr20:32588:SG	20	3	60	0.4627	1
chr20:32849:SG	20	3	60	0.525	1
chr20:33098:SG	20	3	60	0.5567	1
chr20:33242:SG	20	5	60	0.5536	1
chr20:33247:SG	20	5	60	0.5357	0.9962
chr20:33644:SG	20	3	60	0.5373	1
chr20:33764:SG	20	3	60	0.5333	1
chr20:34065:SG	20	3	60	0.5833	0.9965
chr20:34297:SG	20	3	60	0.2222	1
chr20:34403:SG	20	3	60	0.4286	1
chr20:34641:SG	20	3	60	0.4828	1
chr20:34781:SG	20	6	60	0.4706	0.9937
chr20:34791:SG	20	6	60	0.5205	0.9963
chr20:34871:SG	20	3	60	0.4783	1
chr20:35206:SG	20	3	60	0.5676	0.9971
chr20:35669:SG	20	6	60	0.5254	1
chr20:35676:SG	20	6	60	0.4884	0.9963
chr20:35813:SG	20	3	60	0.5517	1
chr20:35968:SG	20	6	60	0.5294	1
chr20:36002:SG	20	6	60	0.5442	1
chr20:36101:SG	20	6	60	0.5108	1
chr20:36155:SG	20	6	60	0.5211	1
chr20:36328:SG	20	3	60	0.4444	1
chr20:36399:SG	20	5	60	0.3506	1
chr20:36404:SG	20	5	60	-1	1
chr20:36695:SG	20	6	60	0.4901	1
chr20:36745:SG	20	6	60	0.439	1
chr20:36838:SG	20	3	60	0.5028	1
chr20:36971:SG	20	3	60	0.5641	1
chr20:37044:SG	20	6	60	0.6667	1
chr20:37087:SG	20	6	60	0.55	1
chr20:37429:SG	20	3	60	0.3636	1
chr20:37660:SG	20	13	60	0.4706	0.9966
chr20:37661:SG	20	13	60	0.4915	0.9963
chr20:37680:SG	20	13	60	0.7143	0.9966
chr20:37681:SG	20	13	60	0.3636	1
chr20:37700:SG	20	13	60	-1	1
chr20:37778:SG	20	6	60	0.4762	0.9932
chr20:37810:SG	20	9	60	0.5526	0.9932
chr20:37841:SG	20	6	60	0.4359	0.9967
chr20:37936:SG	20	3	60	0.5068	1
chr20:38031:SG	20	3	60	0.4667	1
chr20:38281:SG	20	3	60	0.5435	1
chr20:38346:SG	20	5	60	0.4688	1
chr20:38348:SG	20	5	60	0.55	1
chr20:38524:SG	20	6	60	-1	1
chr20:38536:SG	20	6	60	0.547	1
chr20:38658:SG	20	3	60	0.625	1
chr20:38771:SG	20	3	60	0.4783	1
chr20:39066:IG	20	3	60	0.4729	0.9953
chr20:39137:SG	20	3	60	0.5152	1
chr20:39395:SG	20	3	60	0.381	1
chr20:39466:SG	20	3	60	0.485	1
chr20:39677:SG	20	3	60	0.3396	0.9963
chr20:39918:SG	20	3	60	0.4737	1
chr20:40251:SG	20	6	60	0.6579	1
chr20:40261:SG	20	6	60	0.4691	1
chr20:40462:SG	20	3	60	0.5299	1
chr20:40620:SG	20	3	60	0.6944	1
chr20:40688:SG	20	3	60	-1	0.9968
chr20:41063:SG	20	3	60	-1	0.9971
chr20:41280:SG	20	3	60	0.5395	1
chr20:41558:SG	20	6	60	0.5526	1
chr20:41603:SG	20	6	60	0.475	0.9969
chr20:41868:SG	20	9	60	0.4211	1
chr20:41902:SG	20	9	60	0.4824	1
chr20:41910:IG	20	9	60	0.4706	1
chr20:42048:SG	20	3	60	-1	0.9974
chr20:42529:SG	20	3	60	0.5694	1
chr20:42599:SG	20	3	60	0.3636	1
chr20:42764:SG	20	6	60	0.4706	0.9938
chr20:42787:SG	20	6	60	0.5312	0.9935
chr20:42891:SG	20	3	60	0.3768	0.9962
chr20:43007:SG	20	6	60	0.5	0.9965
chr20:43028:SG	20	6	60	0.5385	1
chr20:43683:SG	20	3	60	0.5135	1
chr20:43754:SG	20	3	60	-1	0.9968
chr20:43867:SG	20	3	60	0.5128	1
chr20:43977:SG	20	3	60	0.5556	1
chr20:44238:SG	20	6	60	0.4932	1
chr20:44255:SG	20	6	60	0.5135	0.997
chr20:44621:SG	20	3	60	0.5738	1
chr20:44702:SG	20	3	60	0.4828	0.9966
chr20:44799:SG	20	3	60	0.5333	1
chr20:44918:IG	20	5	60	0.5211	0.9963
chr20:45064:SG	20	3	60	0.4634	0.9967
chr20:45142:SG	20	5	60	0.5139	0.9962
chr20:45143:SG	20	5	60	0.5484	1
chr20:45516:SG	20	3	60	-1	1
chr20:45931:SG	20	6	60	-1	0.9969
chr20:45964:SG	20	6	60	-1	0.9969
chr20:46363:SG	20	3	60	0.5119	1
chr20:46797:SG	20	3	60	0.4444	1
chr20:47012:SG	20	3	60	0.4516	1
chr20:47467:IG	20	6	60	0.5203	1
chr20:47626:SG	20	6	60	0.4857	1
chr20:47641:SG	20	6	60	0.5	1
chr20:47734:SG	20	6	60	0.4904	1
chr20:47753:SG	20	6	60	0.3333	1
chr20:48176:SG	20	3	60	0.4483	1
chr20:48515:SG	20	3	60	0.5278	1
chr20:48731:SG	20	3	60	0.5455	1
chr20:49272:SG	20	3	60	0.2647	1
chr20:49535:SG	20	6	60	0.5946	1
chr20:49594:SG	20	6	60	0.5769	1
chr20:49740:SG	20	6	60	0.5942	1
chr20:49768:SG	20	6	60	0.5893	1
chr20:50052:SG	20	6	60	0.5143	1
chr20:50080:SG	20	6	60	0.5862	1
chr20:50420:SG	20	6	60	0.4483	1
chr20:50470:SG	20	6	60	0.5	1
chr20:50620:IG	20	3	60	0.625	1
chr20:50771:SG	20	3	60	0.6897	0.994
chr20:50955:SG	20	3	60	0.6418	0.9926
chr20:51101:SG	20	3	60	0.4412	0.9966
chr20:51331:SG	20	3	60	0.4839	1
chr20:51559:SG	20	3	60	0.6071	0.9931
chr20:51679:SG	20	6	60	0.6	1
chr20:51703:SG	20	9	60	0.3824	0.9968
chr20:51755:SG	20	9	60	0.546	1
chr20:51809:SG	20	6	60	0.5255	1
chr20:52061:SG	20	3	60	0.4	0.9971
chr20:52428:SG	20	3	60	0.5488	1
chr20:52811:SG	20	6	60	0.5641	0.9961
chr20:52857:IG	20	9	60	0.5278	1
chr20:52889:SG	20	9	60	-1	1
chr20:52931:SG	20	11	60	0.517	0.9952
chr20:52977:SG	20	11	60	0.5588	0.9968
chr20:52982:SG	20	11	60	0.4359	1
chr20:53013:SG	20	8	60	0.5238	1
chr20:53179:SG	20	6	60	0.4021	0.9952
chr20:53184:SG	20	6	60	0.4874	1
chr20:53312:SG	20	3	60	0.5079	1
chr20:53792:SG	20	3	60	0.4426	1
chr20:54135:SG	20	3	60	0.4561	0.9957
chr20:54414:SG	20	3	60	0.5625	1
chr20:54545:SG	20	6	60	0.4792	0.9957
chr20:54570:SG	20	6	60	0.5667	0.996
chr20:54696:IG	20	3	60	0.5	1
chr20:54956:SG	20	3	60	0.4815	1
chr20:55077:SG	20	3	60	0.6389	0.9966
chr20:55178:IG	20	3	60	0.5152	1
chr20:55253:SG	20	3	60	0.5	1
chr20:55792:SG	20	6	60	0.4865	1
chr20:55824:SG	20	6	60	0.4615	1
chr20:56150:SG	20	3	60	0.4444	1
chr20:56653:SG	20	6	60	0.6667	1
chr20:56702:SG	20	9	60	0.2812	0.9969
chr20:56743:SG	20	6	60	-1	0.9943
chr20:56882:SG	20	3	60	0.4865	1
chr20:57000:SG	20	3	60	0.5385	1
chr20:57420:SG	20	5	60	0.4386	1
chr20:57423:SG	20	5	60	0.44	1
chr20:57495:SG	20	5	60	0.58	1
chr20:57500:SG	20	5	60	0.487	1
chr20:57591:SG	20	3	60	0.4286	1
chr20:57753:SG	20	3	60	0.5263	0.9968
chr20:58022:SG	20	3	60	0.5902	1
chr20:58241:SG	20	3	60	0.4328	0.9946
chr20:58307:SG	20	3	60	0.4771	1
chr20:58489:SG	20	11	60	0.4643	0.9966
chr20:58491:SG	20	11	60	0.4	1
chr20:58506:SG	20	11	60	0.5526	1
chr20:58546:SG	20	11	60	0.3429	0.9931
chr20:58667:SG	20	6	60	0.5	1
chr20:58715:SG	20	6	60	0.4667	1
chr20:59046:SG	20	3	60	0.4947	1
chr20:59385:SG	20	3	60	0.5238	1
chr20:59714:SG	20	3	60	0.4857	1
chr20:59795:SG	20	3	60	0.4571	0.99
chr20:59874:SG	20	3	60	0.5526	1
chr20:60243:SG	20	3	60	0.525	1
chr20:60693:SG	20	3	60	0.5429	1
chr20:61144:SG	20	3	60	0.5111	1
chr20:61544:SG	20	3	60	0.4571	1
chr20:61607:SG	20	3	60	0.338	1
chr20:61704:SG	20	3	60	0.4784	1
chr20:61910:SG	20	3	60	0.5	0.9967
chr20:62280:SG	20	5	60	0.5397	1
chr20:62284:SG	20	5	60	0.5682	1
chr20:62355:SG	20	6	60	0.3784	0.9966
chr20:62375:SG	20	6	60	0.6103	1
chr20:62474:SG	20	3	60	0.5375	1
chr20:62624:SG	20	3	60	0.3913	1
chr20:62717:SG	20	3	60	0.6129	1
chr20:63201:SG	20	9	60	0.4909	1
chr20:63223:SG	20	9	60	0.5481	1
chr20:63243:SG	20	9	60	0.5312	0.9966
chr20:63471:SG	20	3	60	0.5147	0.9965
chr20:63727:SG	20	3	60	0.6087	1
chr20:63936:SG	20	6	60	0.4211	1
chr20:63989:SG	20	6	60	0.6349	0.9929
chr20:64169:SG	20	6	60	0.4615	1
chr20:64196:SG	20	6	60	0.5143	1
chr20:64328:SG	20	3	60	0.48	0.9957
chr20:64456:SG	20	3	60	0.5172	0.9969
chr20:64619:SG	20	3	60	0.4595	0.9969
chr20:65056:SG	20	3	60	0.5429	1
chr20:65226:SG	20	8	60	0.5	1
chr20:65251:SG	20	8	60	0.5758	1
chr20:65257:SG	20	8	60	0.5147	1
chr20:65706:SG	20	3	60	0.4895	1
chr20:65814:SG	20	3	60	0.4306	1
chr20:66276:SG	20	3	60	0.5	1
chr20:66480:SG	20	6	60	0.6	1
chr20:66502:SG	20	6	60	0.3333	0.9961
chr20:67000:SG	20	3	60	0.4762	1
chr20:67196:SG	20	8	60	0.4444	1
chr20:67224:IG	20	8	60	0.5806	1
chr20:67671:SG	20	12	60	0.5	0.9966
chr20:67678:SG	20	12	60	0.5676	1
chr20:67713:IG	20	12	60	0.6	1
chr20:67722:SG	20	12	60	0.6538	1
chr20:68100:SG	20	6	60	0.68	0.9969
chr20:68109:SG	20	6	60	0.4719	1
chr20:68186:SG	20	3	60	0.4595	0.9965
chr20:68281:SG	20	6	60	0.6486	1
chr20:68291:SG	20	6	60	0.619	1
chr20:68480:SG	20	3	60	0.4545	1
chr20:68693:SG	20	6	60	0.5128	1
chr20:68744:SG	20	6	60	0.5192	0.9904
chr20:68906:SG	20	3	60	0.4326	1
chr20:69134:SG	20	3	60	0.5758	1
chr20:69255:SG	20	3	60	0.4848	0.9967
chr20:69416:SG	20	6	60	0.36	1
chr20:69452:SG	20	6	60	0.625	1
chr20:69606:SG	20	3	60	0.6129	1
chr20:69945:SG	20	5	60	0.5439	1
chr20:69946:SG	20	5	60	0.4615	1
chr20:70019:SG	20	6	60	0.5	1
chr20:70035:SG	20	6	60	0.5208	1
chr20:70321:SG	20	3	60	0.4906	0.9913
chr20:70402:SG	20	3	60	0.6667	1
chr20:70496:SG	20	3	60	0.5862	1
chr20:70803:IG	20	3	60	0.5667	1
chr20:70904:SG	20	3	60	0.5088	1
chr20:71006:SG	20	3	60	0.5652	1
chr20:71096:SG	20	3	60	0.5522	1
chr20:71303:SG	20	3	60	0.5672	1
chr20:71376:SG	20	3	60	0.4327	1
chr20:71740:SG	20	3	60	0.5357	1
chr20:71970:SG	20	9	60	0.4474	1
chr20:72001:SG	20	9	60	0.4737	0.9956
chr20:72030:SG	20	6	60	0.4474	1
chr20:72098:SG	20	3	60	0.5312	1
chr20:72210:SG	20	3	60	0.597	1
chr20:72337:SG	20	6	60	0.5455	1
chr20:72355:SG	20	6	60	-1	0.997
chr20:72451:SG	20	3	60	0.5312	0.9965
chr20:72780:SG	20	3	60	-1	0.997
chr20:72928:SG	20	3	60	0.5897	1
chr20:73259:SG	20	3	60	0.5211	1
chr20:73552:SG	20	6	60	0.4286	1
chr20:73600:SG	20	9	60	0.6216	0.9965
chr20:73657:SG	20	6	60	-1	0.9972
chr20:73811:SG	20	3	60	0.4776	1
chr20:73873:SG	20	3	60	0.3158	1
chr20:73969:SG	20	3	60	0.5	1
chr20:74142:SG	20	6	60	0.4824	1
chr20:74183:SG	20	9	60	0.4528	0.9916
chr20:74227:SG	20	9	60	0.543	1
chr20:74273:SG	20	6	60	0.5556	0.9937
chr20:74532:SG	20	8	60	0.5402	1
chr20:74570:IG	20	8	60	0.5591	1
chr20:74839:SG	20	3	60	-1	1
chr20:75079:SG	20	3	60	0.4603	0.9921
chr20:75230:SG	20	3	60	0.4667	0.9967
chr20:75320:SG	20	3	60	-1	1
chr20:75574:SG	20	3	60	0.5714	1
chr20:75944:SG	20	3	60	0.5	1
chr20:76110:SG	20	3	60	0.5926	1
chr20:76310:SG	20	5	60	0.6129	1
chr20:76316:SG	20	5	60	0.4914	1
chr20:76498:SG	20	3	60	0.5	0.9884
chr20:77094:SG	20	6	60	0.5926	0.997
chr20:77138:SG	20	9	60	0.5143	1
chr20:77186:SG	20	6	60	0.7	1
chr20:77251:SG	20	6	60	0.5041	1
chr20:77265:SG	20	6	60	0.4545	1
chr20:77352:SG	20	3	60	0.5714	1
chr20:77584:IG	20	3	60	0.5968	0.9939
chr20:77768:SG	20	3	60	0.4892	1
chr20:77862:SG	20	3	60	0.52	1
chr20:78141:SG	20	3	60	0.3235	0.9964
chr20:79004:SG	20	6	60	0.4571	1
chr20:79014:SG	20	9	60	0.3333	0.9968
chr20:79066:SG	20	6	60	0.4545	1
chr20:79415:SG	20	3	60	0.5085	1
chr20:80018:SG	20	6	60	0.5657	0.996
chr20:80061:SG	20	9	60	0.4463	1
chr20:80109:IG	20	6	60	0.4967	1
chr20:80226:SG	20	6	60	0.4286	0.9969
chr20:80283:SG	20	9	60	0.48	0.9943
chr20:80291:SG	20	6	60	0.5625	1
chr20:80378:SG	20	6	60	0.5517	1
chr20:80411:SG	20	6	60	0.5175	0.9896
chr20:80644:SG	20	6	60	0.4474	0.9964
chr20:80658:IG	20	6	60	0.4909	1
chr20:80987:IG	20	6	60	0.4815	0.9966
chr20:81035:SG	20	6	60	0.5702	0.9952
chr20:81623:SG	20	3	60	0.5152	0.9923
chr20:81835:SG	20	3	60	0.3571	0.9968
chr20:82044:SG	20	3	60	0.4375	1
chr20:82132:IG	20	3	60	0.4471	1
chr20:82223:SG	20	6	60	0.4815	1
chr20:82242:SG	20	6	60	0.5135	0.9967
chr20:82438:SG	20	3	60	0.5357	0.9968
chr20:82697:SG	20	3	60	0.64	1
chr20:82764:SG	20	3	60	0.5806	1
chr20:83024:SG	20	3	60	0.3077	1
chr20:83104:SG	20	3	60	0.4194	1
chr20:83105:SG	20	3	60	0.4194	1
chr20:83227:SG	20	3	60	0.4667	1
chr20:83475:SG	20	3	60	0.4299	1
chr20:83849:SG	20	3	60	0.5857	1
chr20:83998:SG	20	3	60	0.3958	1
chr20:84135:SG	20	3	60	0.4286	1
chr20:84459:SG	20	3	60	0.5488	1
chr20:84781:SG	20	6	60	0.5714	0.9967
chr20:84817:SG	20	9	60	0.514	1
chr20:84849:SG	20	6	60	0.5522	1
chr20:84954:SG	20	3	60	0.4545	1
chr20:85043:SG	20	6	60	0.4831	1
chr20:85101:SG	20	14	60	0.5	0.9966
chr20:85131:IG	20	11	60	0.5476	1
chr20:85495:SG	20	3	60	0.5315	1
chr20:85564:SG	20	6	60	0.425	1
chr20:85599:SG	20	6	60	0.5169	1
chr20:85749:SG	20	3	60	0.5	0.9968
chr20:85963:SG	20	3	60	0.5176	0.9963
chr20:86152:SG	20	3	60	0.5455	1
chr20:86259:SG	20	6	60	0.5714	1
chr20:86293:SG	20	6	60	0.5211	1
chr20:86742:SG	20	3	60	0.5	0.9968
chr20:86863:SG	20	3	60	0.6269	0.9965
chr20:86971:SG	20	6	60	0.4545	1
chr20:86996:SG	20	6	60	0.5844	1
chr20:87950:SG	20	3	60	0.4868	1
chr20:88152:IG	20	5	60	0.5025	1
chr20:88598:SG	20	9	60	0.5214	1
chr20:88653:IG	20	9	60	0.5267	1
chr20:89351:SG	20	6	60	0.5137	1
chr20:89392:SG	20	6	60	0.2899	0.9958
chr20:89879:SG	20	6	60	0.44	1
chr20:89925:SG	20	6	60	0.4951	1
chr20:90037:SG	20	6	60	0.5109	1
chr20:90070:SG	20	6	60	0.4762	1
chr20:90527:IG	20	5	60	0.527	1
chr20:90664:SG	20	3	60	0.4729	1
chr20:90955:SG	20	3	60	0.5342	1
chr20:91061:IG	20	5	60	0.6203	0.9959
chr20:91291:SG	20	6	60	0.5536	0.9921
chr20:91346:SG	20	12	60	0.5	0.993
chr20:91363:SG	20	9	60	0.5946	1
chr20:91402:SG	20	9	60	0.4865	1
chr20:91640:SG	20	3	60	0.5329	1
chr20:91787:SG	20	3	60	-1	0.997
chr20:92041:SG	20	3	60	0.6212	0.9934
chr20:92130:SG	20	3	60	0.5	0.9936
chr20:92347:SG	20	3	60	0.4857	0.993
chr20:92411:SG	20	3	60	0.5333	1
chr20:92553:SG	20	3	60	0.5417	1
chr20:92664:SG	20	6	60	0.6389	0.9964
chr20:92717:SG	20	6	60	0.4839	1
chr20:92783:SG	20	6	60	0.5185	0.9964
chr20:92810:SG	20	6	60	0.4727	1
chr20:92904:SG	20	3	60	0.5652	1
chr20:92974:SG	20	3	60	0.4681	1
chr20:93135:SG	20	3	60	0.4643	0.9964
chr20:93448:SG	20	3	60	0.6286	1
chr20:93540:SG	20	3	60	0.5	1
chr20:93630:SG	20	3	60	0.5833	1
chr20:93734:SG	20	3	60	0.5	1
chr20:94646:SG	20	3	60	0.5312	1
chr20:94753:SG	20	3	60	0.505	0.996
chr20:95057:SG	20	6	60	0.454	1
chr20:95096:SG	20	6	60	0.4865	0.993
chr20:95281:SG	20	5	60	0.3103	1
chr20:95283:SG	20	5	60	0.5634	0.9961
chr20:95433:SG	20	3	60	0.5769	0.9933
chr20:95588:SG	20	3	60	-1	0.9971
chr20:96024:SG	20	6	60	0.5645	1
chr20:96032:SG	20	6	60	0.4889	1
chr20:96208:SG	20	3	60	0.6316	1
chr20:96338:SG	20	3	60	0.5556	1
chr20:96468:SG	20	3	60	0.5263	1
chr20:96621:SG	20	3	60	0.3889	0.9968
chr20:96812:SG	20	6	60	0.5574	0.9965
chr20:96856:SG	20	6	60	0.4737	1
chr20:97402:SG	20	3	60	0.36	1
chr20:97588:SG	20	3	60	0.4746	1
chr20:97700:SG	20	3	60	0.4423	1
chr20:97914:SG	20	3	60	0.5924	0.9926
chr20:98034:SG	20	3	60	0.48	1
chr20:98179:SG	20	3	60	0.4697	1
chr20:98434:SG	20	3	60	0.5297	1
chr20:98647:SG	20	6	60	0.6538	1
chr20:98703:SG	20	6	60	0.6538	0.9967
chr20:98820:SG	20	3	60	0.4412	0.9965
chr20:99122:SG	20	9	60	0.5455	1
chr20:99143:SG	20	9	60	0.5294	1
chr20:99181:SG	20	9	60	0.6061	0.9968
chr20:99268:SG	20	12	60	0.5269	1
chr20:99295:SG	20	12	60	0.3913	1
chr20:99314:SG	20	12	60	0.4909	1
chr20:99328:SG	20	9	60	0.5203	1
